-505.9000015,220.2000122
-512.4945374,207.213501
-518.6034164,193.9906006
-524.3306885,180.5978394
-529.7030334,167.0587158
-534.7287598,153.387207
-539.4076309,139.5930786
-543.7343292,125.6845093
-547.6998863,111.6686401
-551.2926788,97.55267334
-554.4986992,83.34393311
-557.3019753,69.05029297
-559.6848068,54.6807251
-561.6279068,40.24511719
-563.1106339,25.75500488
-564.1113243,11.22369385
-564.6073456,-3.333557129
-564.5756378,-17.89910889
-564.0584106,-32.45599365
-563.3126526,-47.00317383
-562.3391113,-61.5369873
-561.1072655,-76.05114746
-559.5891609,-90.5380249
-557.7592888,-104.988739
-555.594593,-119.3930054
-553.0745049,-133.7392273
-550.1813164,-148.0149231
-546.9000626,-162.2065125
-543.2189522,-176.2994385
-539.1289406,-190.2792969
-534.6244049,-204.131012
-529.702301,-217.8401489
-524.3631134,-231.3921814
-518.6098328,-244.7737122
-512.4480591,-257.972168
-505.8859177,-270.9761047
-498.9334335,-283.7755737
-491.6024704,-296.36203
-483.9062119,-308.7285156
-475.8589783,-320.8694763
-467.4756927,-332.7809448
-458.7718811,-344.4605255
-449.7632294,-355.9068756
-440.4655151,-367.1198273
-430.8946075,-378.1001434
-421.0653687,-388.8499451
-410.9924774,-399.3720398
-400.690567,-409.6695404
-390.1725464,-419.746933
-379.4519043,-429.6082153
-368.5409698,-439.2579803
-358.3449554,-438.1756592
-366.8935089,-427.8746033
-373.2206879,-414.8874054
-371.6407623,-400.5755157
-364.6532288,-387.8587036
-354.3685455,-377.6097717
-341.5508423,-370.8230133
-327.1791992,-368.7908478
-312.6162109,-368.4843597
-298.0620728,-367.9197845
-283.6617126,-365.9552155
-270.9932251,-359.0044861
-263.2443237,-346.9529877
-272.6130066,-337.4594727
-283.7478333,-345.8890228
-292.7772522,-357.3145142
-303.6612244,-352.8603516
-315.1949768,-343.9634094
-323.7375488,-334.6191101
-314.7453918,-323.1636047
-304.765564,-312.5645142
-292.6168823,-304.8087769
-278.3513184,-302.340332
-264.4296875,-306.3346863
-251.833374,-313.6214905
-240.3421326,-322.5481873
-231.1534119,-333.7810669
-226.9275818,-347.5800323
-229.3326111,-361.8396606
-235.3929443,-375.068634
-243.6657715,-387.0285797
-254.480896,-396.7168427
-267.7852173,-402.444397
-282.2397156,-404.1720886
-296.7850647,-404.9319153
-311.3482971,-405.2532959
-325.88797,-406.0020294
-337.4398193,-413.7799988
-330.6362305,-424.7042999
-319.0327759,-418.4346771
-308.6207275,-419.4558868
-297.0917053,-428.3596802
-285.5629883,-437.2632141
-293.9169922,-447.0448608
-305.6790161,-455.6117554
-319.2697754,-460.3375397
-333.0224304,-455.9068909
-345.1204529,-447.8242188
-356.1858063,-438.4429169
-357.1020355,-448.9386444
-345.6247101,-457.9062042
-333.8174438,-466.4356079
-321.7794189,-474.6354675
-309.5571594,-482.5591202
-297.174408,-490.2296448
-284.6394043,-497.6501694
-271.9504395,-504.802948
-259.0906677,-511.6444244
-246.0241394,-518.0811768
-235.2134094,-517.73806
-241.4051514,-509.2790375
-254.3944092,-502.7214279
-264.730011,-492.662796
-269.2012024,-478.8741074
-267.6308594,-464.5207977
-263.1893616,-450.6530609
-257.9132996,-437.0768738
-252.1574707,-423.696228
-246.0458679,-410.4739075
-239.6183472,-397.40271
-232.8512268,-384.5043182
-225.6000061,-371.872757
-216.6012268,-360.5392761
-203.1126099,-355.5046234
-188.6164246,-356.1876984
-174.6876526,-360.3617249
-161.7769775,-367.0644073
-150.3746338,-376.0868073
-141.8527832,-387.7813568
-139.9793701,-402.1045074
-142.7095032,-416.3834534
-147.7807922,-430.0281677
-154.3122864,-443.0412598
-165.7686157,-442.9741058
-179.0946045,-437.0906219
-192.420105,-431.2073517
-186.4925842,-418.06073
-181.1730652,-404.5052185
-180.8961792,-390.9822235
-193.7627258,-390.8476715
-200.0756836,-403.9726105
-206.198822,-417.1887207
-212.2411194,-430.4418488
-218.2013855,-443.732132
-224.0487061,-457.0729523
-229.6707764,-470.5101929
-230.8088074,-484.069725
-217.703186,-485.678215
-210.9081726,-472.8197632
-205.0140686,-459.4984131
-193.2530518,-461.4216156
-179.9244385,-467.2974701
-168.9890137,-474.2078094
-174.4664001,-487.6999207
-181.0733032,-500.6750565
-189.6651611,-512.3930359
-202.1304321,-519.6526184
-216.4389954,-519.1042938
-229.8727417,-513.4878998
-232.2487183,-523.7898407
-218.6459656,-529.0015411
-205.0179749,-534.144516
-191.3338013,-539.1344223
-177.5568848,-543.8651161
-163.6257935,-548.1183014
-149.6133728,-552.0874596
-143.3269958,-541.7960968
-155.4529419,-536.8792419
-162.0310059,-528.5845642
-158.7384644,-514.3946381
-155.4460449,-500.2052917
-152.1536865,-486.016098
-148.8609619,-471.8254089
-145.568634,-457.6363831
-142.276123,-443.4466248
-138.9838562,-429.2578125
-135.6915283,-415.0687256
-132.3991394,-400.8794556
-129.1067505,-386.6902618
-120.4024963,-381.1940918
-106.216095,-384.5036163
-92.03085327,-387.8128662
-93.85296631,-401.0469208
-97.19589233,-415.2235718
-100.5390015,-429.4008484
-103.8819885,-443.5777588
-107.2252197,-457.7555695
-110.5683594,-471.9331436
-113.911499,-486.1105576
-117.2540894,-500.2856369
-120.59729,-514.4634628
-123.9402466,-528.6401978
-127.2834778,-542.8180084
-141.401947,-540.5839386
-143.2539673,-553.2321434
-128.9281616,-555.8026657
-114.574585,-558.2798729
-100.1634521,-560.3842888
-85.70166016,-562.1104164
-71.19793701,-563.4672928
-56.69537354,-564.8247375
-49.70202637,-557.1522522
-58.74468994,-551.1132469
-73.28265381,-550.1753159
-87.81811523,-549.2375412
-92.52020264,-539.5911331
-91.69256592,-525.0477142
-90.8649292,-510.5046005
-90.03729248,-495.9608765
-89.20962524,-481.4172668
-88.38201904,-466.8743744
-87.55447388,-452.3323822
-86.72686768,-437.7892914
-85.89916992,-423.2448883
-85.07159424,-408.7024689
-84.24401855,-394.1602936
-72.91717529,-391.3873596
-58.37432861,-392.2199402
-43.8302002,-393.0525818
-29.28729248,-393.8851624
-14.74291992,-394.7178192
-3.831054688,-398.8522034
-4.376098633,-413.4086304
-5.464050293,-427.3674927
-20.00646973,-426.5288544
-34.54882813,-425.6902008
-45.91162109,-428.4880829
-47.01690674,-443.0117035
-48.12213135,-457.5347443
-38.9296875,-463.0476227
-24.38781738,-463.879715
-11.91088867,-466.5546417
-12.73583984,-481.0978775
-13.74133301,-495.4390564
-28.28405762,-494.6069107
-42.82519531,-493.7748566
-50.76745605,-500.4342957
-51.57061768,-514.9788895
-47.72662354,-525.4015503
-33.18499756,-526.2379303
-18.64385986,-527.0742798
-14.26068115,-537.1064491
-14.87268066,-551.660717
-27.86279297,-552.7277946
-42.41564941,-552.0829124
-49.57336426,-559.9380875
-40.06237793,-565.5671463
-25.4967041,-565.4753532
-10.93255615,-565.2634163
3.622680664,-564.7091103
18.15911865,-563.7893219
32.6685791,-562.5040092
47.15008545,-560.9397659
61.56738281,-558.8667374
71.62243652,-551.6879234
61.27935791,-546.9535179
46.84143066,-548.877388
32.35400391,-550.3683624
28.03515625,-537.778595
25.20404053,-523.4899521
22.37695313,-509.2009583
19.55401611,-494.9104309
16.73608398,-480.6189117
13.92370605,-466.3248138
11.11932373,-452.0309143
8.325439453,-437.7348938
5.548217773,-423.4367676
2.802978516,-409.131485
1.599914551,-395.7227325
15.89056396,-392.9028015
30.18365479,-390.094162
39.06121826,-395.2457123
41.69238281,-409.572113
44.35083008,-423.8945618
47.04614258,-438.2095337
49.80523682,-452.5122528
52.76635742,-466.7736206
53.94482422,-457.2451019
54.32720947,-442.6842346
54.73577881,-428.1245422
55.21862793,-413.5664825
55.85662842,-399.013031
57.34716797,-384.7830963
71.64855957,-382.0149384
85.94580078,-379.2186432
95.51727295,-383.3331451
98.26611328,-397.6359558
101.0259399,-411.9389191
103.7956543,-426.2366028
106.5770264,-440.5340729
109.3717041,-454.8297424
112.1829224,-469.1262817
115.0130615,-483.4146194
117.8702393,-497.699028
120.7667847,-511.9749832
123.7319336,-526.2351303
117.2614136,-534.4517365
103.0838623,-537.7996559
88.90472412,-541.1411972
85.61120605,-527.2394638
82.82855225,-512.9409561
80.07781982,-498.6373901
77.31304932,-484.3341446
74.41149902,-470.0591888
73.69543457,-481.480545
73.17144775,-496.0375977
72.55371094,-510.5908432
72.00915527,-525.1456223
71.66204834,-539.7093124
72.58099365,-554.1832314
86.28308105,-554.1808014
100.5405884,-551.1970215
114.7235718,-547.8909416
128.8201294,-544.2400742
142.7298584,-539.9165764
156.5082397,-535.1935272
170.1746216,-530.1518326
183.7319336,-524.8283234
197.1776123,-519.2239532
202.975769,-510.3046188
190.0639648,-511.6495132
175.6600952,-513.4708939
161.7200928,-509.783844
151.3146362,-499.7797012
143.5944214,-487.4299927
136.3111572,-474.8135071
129.3137817,-462.0378571
122.6019287,-449.1110229
116.2348022,-436.0097961
110.3599854,-422.6815491
105.3626099,-409.0004425
103.0773315,-394.7026978
107.1542358,-380.8314972
116.1057739,-369.4154053
127.7888184,-360.7703857
140.9094238,-354.483551
154.8939819,-350.4811401
169.3157349,-350.794693
181.8342896,-357.9955597
191.2703857,-369.0489044
198.5541382,-381.6528473
204.5858765,-394.9088898
201.1699219,-405.281601
188.1101685,-411.7305145
174.8059692,-417.6453705
167.0794678,-407.9551544
161.1051025,-394.6741943
152.7139282,-382.9399719
140.1812134,-388.1202393
142.4307861,-402.066452
148.6018066,-415.2593536
155.1588745,-428.2670898
161.8991699,-441.1815186
168.7544556,-454.0333099
175.6954346,-466.8406219
182.706604,-479.608345
194.1657715,-480.3635254
195.880188,-467.2835999
189.9768066,-453.9814758
187.6765747,-441.7327271
200.621582,-435.0676575
214.0261841,-429.380722
224.3549805,-435.9338684
230.1867676,-449.2679749
233.9935303,-463.311264
234.1115723,-477.7839432
226.7832642,-490.2242432
216.2626343,-500.2371216
203.7960205,-507.0879517
213.3551636,-511.7789383
226.2492065,-505.005806
238.961853,-497.8955154
251.5030518,-490.4876709
263.8727417,-482.7961731
276.0595093,-474.8167725
288.0365601,-466.5290527
299.7606812,-457.8877106
305.7407837,-447.8631287
294.8852539,-446.6528625
283.116333,-455.233078
271.6373291,-461.6786652
262.6196289,-450.2391052
253.6020508,-438.7997589
244.5855103,-427.3616333
235.5684204,-415.9229126
226.5508423,-404.48349
217.5351563,-393.0464935
208.5175781,-381.6070862
199.4993286,-370.1668701
190.4819946,-358.7277679
181.4639282,-347.2877808
176.6525879,-336.346405
188.0941772,-327.3303223
199.5324707,-318.3153992
210.9741821,-309.2956238
222.4125977,-300.275177
233.8466187,-291.2492065
243.6387329,-296.1204224
252.668396,-307.550354
251.6437988,-317.8298035
240.263855,-326.9230347
228.8838501,-336.0163574
231.6499023,-346.7407684
240.6573486,-358.185257
249.980835,-366.9823914
261.4181519,-357.9633484
272.8549194,-348.9447632
282.8291626,-352.3382568
291.855835,-363.7688904
290.9468994,-374.0290985
279.5074463,-383.0498199
268.0692139,-392.0695648
276.3481445,-403.4101868
285.37854,-414.8410034
296.2744751,-410.3978424
307.7098999,-401.3748627
318.8113403,-395.2840424
327.9266968,-406.643631
330.1841431,-417.3514099
319.0824585,-426.7887573
307.9830322,-436.2241211
307.477356,-446.4988861
318.1367798,-442.5132141
328.9159546,-432.7177734
339.50354,-422.714798
349.8897705,-412.5011597
360.0606079,-402.0779724
370.0100098,-391.4382782
379.7235718,-380.5837402
389.1917114,-369.5111694
398.3980713,-358.2253571
407.3354492,-346.7207184
415.9871826,-335.0038757
424.343811,-323.0730591
432.3919678,-310.9325867
440.119751,-298.5855713
447.513916,-286.039032
454.5661621,-273.2929382
461.2642822,-260.3561707
467.5964355,-247.2391357
473.5546875,-233.9475098
479.130249,-220.4909973
484.3161621,-206.8791504
489.1066895,-193.1216431
493.4962158,-179.2315674
497.4818115,-165.2206421
501.0617676,-151.1008606
504.2363281,-136.8823853
507.0063477,-122.5823364
509.3753662,-108.2106628
511.348999,-93.77752686
512.9335938,-79.29840088
514.1386719,-64.78131104
514.9755859,-50.23840332
515.4578857,-35.67956543
515.602417,-21.1138916
515.4020996,-6.549499512
514.8428955,8.005981445
513.9179688,22.54168701
512.6209717,37.05102539
510.9470215,51.51849365
508.8903809,65.94030762
506.4476318,80.29968262
503.614624,94.58770752
500.3883057,108.7927246
496.7670898,122.9017944
492.7493896,136.9024048
488.3347168,150.7836304
483.5236816,164.5324707
478.3179932,178.1364746
472.7199707,191.5843506
466.7338867,204.8633423
460.3634033,217.9641113
453.6153564,230.8735962
446.4956055,243.5834961
439.0142822,256.0799561
431.1763916,268.3605347
422.994873,280.4115601
414.4785767,292.2280884
405.6384888,303.803833
396.4851685,315.1340332
387.0299072,326.2150269
377.2844238,337.043335
367.262207,347.6150513
356.975769,357.9282227
346.4369507,367.9822998
335.6576538,377.7775879
324.6487427,387.3156738
313.4222412,396.5975342
301.9904785,405.6241455
290.3636475,414.3986816
278.552002,422.9243164
266.5046997,431.1088867
254.1300049,438.7938232
241.6068115,446.2319336
228.9349365,453.4145508
219.5027466,449.5015869
228.9154663,441.3864746
230.6863403,431.6744385
222.5881958,419.5655518
214.4906006,407.4574585
206.3932495,395.3497314
198.295166,383.2409668
190.1977539,371.1331787
182.1000977,359.0250244
174.0025024,346.9169922
178.7508545,350.4119263
189.0780029,360.6833496
199.4055786,370.9552002
209.7339478,381.2279053
220.0618896,391.5001831
230.3892212,401.7717285
240.7171021,412.0439453
251.0458374,422.3169556
262.4760742,421.2577515
274.5921021,413.1669312
284.1256714,404.307251
278.43573,390.9005737
272.7453003,377.4927979
267.0545044,364.0840454
261.3637085,350.675354
255.6727295,337.2661743
249.9816284,323.8568115
244.2907715,310.447876
239.6912231,299.0585327
247.7888184,311.166687
255.8848877,323.272522
263.9840088,335.3828735
272.0824585,347.4923096
280.1797485,359.6000366
288.2773438,371.7081299
296.3741455,383.8151245
305.201355,390.8286133
316.3646851,381.4750366
327.5300293,372.1196899
323.6965942,360.6235962
315.6010132,348.5176392
307.5037842,336.4090576
299.4071045,324.3013916
291.309021,312.1915894
283.2114868,300.0825195
275.114624,287.9745483
267.0174561,275.8661499
258.9202881,263.7577515
250.8233643,251.6496582
242.4910889,240.723938
230.3806763,248.8178101
218.2699585,256.9119263
206.1593018,265.0059814
194.0493164,273.0995483
199.1896973,286.0995483
205.2279663,299.3550415
211.2660522,312.6101074
217.3044434,325.8657837
223.3427124,339.1211548
229.3811035,352.3768311
235.4191284,365.6318359
225.5596924,355.1086426
215.6177368,344.4622192
205.6761475,333.8161621
195.734375,323.1699219
185.7927856,312.5238647
175.8519897,301.8787231
165.8265381,291.9664307
153.7144165,300.0574951
141.6014404,308.1491699
129.4891968,316.2403564
117.3799438,324.3295288
124.6739502,336.2770386
132.7692871,348.3850098
140.8651123,360.4937744
148.9614258,372.6031494
157.0570068,384.7115479
165.1531982,396.8207397
173.2476807,408.9274902
181.3427734,421.0350342
189.4398804,433.1456299
197.536438,445.2554932
206.9238281,452.6225586
218.887207,449.6801758
216.3665161,459.8656006
203.2474976,466.1921387
189.9916992,472.2230225
176.6035767,477.9556885
163.0797729,483.3603516
149.4035034,488.3774414
135.5570068,492.8931885
121.4962158,496.697998
109.230835,495.0195313
114.9169312,486.4858398
129.0448608,482.9567871
139.5963745,473.565918
144.3984375,459.8991699
144.3981323,445.3885498
141.0565796,431.2097168
137.4494019,417.0977783
133.8406372,402.9869995
130.2298584,388.8719482
126.6196899,374.7613525
123.0087891,360.6495361
119.397583,346.5376587
115.7857666,332.4244385
110.0651245,321.8722534
95.94714355,325.4690552
81.82873535,329.065979
78.34783936,338.9894409
81.92041016,353.1103516
85.49414063,367.2337036
89.06756592,381.3532715
92.6418457,395.4733276
96.21710205,409.5930176
99.79266357,423.7074585
103.3734131,437.8299561
106.9544067,451.9439697
101.2601318,464.0550537
89.52667236,458.1118164
85.61346436,444.0964355
82,429.9859619
78.3873291,415.8753052
74.77471924,401.7630005
71.16204834,387.6498413
67.5501709,373.5390015
63.93823242,359.4271851
60.32611084,345.3145142
53.70605469,336.2803345
39.58477783,339.8779297
25.47021484,343.473877
23.49499512,354.3007202
27.05773926,368.421814
30.62475586,382.5430908
34.19708252,396.6660156
37.7734375,410.7813721
41.35852051,424.8984985
44.95544434,439.0123291
48.57623291,453.1203613
52.50390625,467.135376
58.94445801,480.1743164
69.04736328,490.4967041
82.71905518,494.6717529
96.78057861,490.8752441
107.6079102,494.2224121
99.06219482,501.6518555
84.85449219,504.8608398
70.54724121,507.5933838
56.16949463,509.9278564
41.73327637,511.9122314
27.26086426,513.5710449
12.75720215,514.9130859
-1.778381348,515.9289551
-16.33178711,516.5837402
-30.89801025,516.8009033
-30.48852539,505.0187988
-15.94451904,504.2443848
-1.400512695,503.4699707
13.14318848,502.6955566
27.68890381,501.9211426
42.23217773,501.1467285
43.45068359,488.3243408
39.02520752,477.8859863
24.4744873,478.5753174
9.922241211,479.2648926
2.4921875,472.114624
1.796203613,457.5634766
1.100524902,443.0183105
0.404541016,428.4666748
-0.291381836,413.9162598
-0.987304688,399.3655396
-1.683410645,384.8128662
-2.379333496,370.262207
-3.075195313,355.7133789
-6.191833496,343.8206787
-20.74310303,344.5118408
-35.29321289,345.2028809
-42.24798584,352.7897949
-41.54107666,367.3391113
-40.83416748,381.8873291
-40.12695313,396.4419556
-39.41992188,410.993103
-38.71307373,425.5415039
-38.00622559,440.088623
-37.29925537,454.6378174
-36.59246826,469.1849365
-35.88549805,483.7342529
-35.17840576,498.286499
-33.41571045,512.7160645
-43.12976074,516.7664795
-57.6854248,516.2685547
-72.22924805,515.4453125
-86.75134277,514.2895508
-101.2339478,512.7347412
-115.6420288,510.5821533
-128.9037781,506.376709
-123.9039001,495.8116455
-111.1486816,495.9602051
-108.2696228,481.6801758
-105.3909607,467.4019775
-102.5121155,453.1229248
-97.11825562,439.7244873
-90.46038818,426.7658691
-83.80273438,413.8077393
-77.14642334,400.8521729
-70.4901123,387.8966064
-63.8324585,374.9382935
-57.17480469,361.9801025
-50.51885986,349.0252686
-61.12078857,344.3676758
-75.39593506,341.4786377
-88.13412476,341.4777222
-93.70617676,354.9381714
-99.27740479,368.3966064
-104.8490295,381.8560181
-108.7772827,387.15802
-108.7001038,372.5939941
-108.6228943,358.0272827
-108.5456848,343.4597778
-114.2912292,333.6278076
-128.566803,330.7386475
-142.8497925,327.8480225
-145.4587097,338.1610107
-144.3500671,352.675293
-143.2406006,367.2001953
-142.1313171,381.7230835
-141.0218811,396.2475586
-139.9124451,410.7724609
-138.8032837,425.293335
-137.6941833,439.8137207
-140.2338562,454.1148682
-143.1115112,468.3880615
-145.9911804,482.6712646
-141.3291931,492.0673828
-129.0662537,496.5981445
-135.4324646,505.7840576
-149.5673828,502.2746582
-163.6242981,498.4575195
-177.6089172,494.3895264
-191.5257263,490.0969238
-205.3765259,485.5864258
-219.1529846,480.8514404
-232.8408508,475.8684082
-246.4171753,470.5888672
-248.0102539,459.7574463
-237.0453491,460.291748
-223.9178162,465.8922119
-210.0996094,461.737915
-199.3039551,452.0928955
-190.986908,440.1566162
-185.3344116,426.7706299
-183.4385071,412.3765259
-185.5036926,398.0400391
-190.9820557,384.5502319
-197.0574951,371.3105469
-203.5344849,358.265625
-207.7646484,344.3918457
-201.328064,332.7714844
-190.2640991,340.1534424
-195.190918,353.7909546
-183.0664673,360.3694458
-169.9096985,366.6083374
-158.1485901,368.5731201
-153.3946838,354.8453369
-152.7999268,340.3619385
-157.9416504,326.8685913
-167.7462158,316.1635742
-179.8759766,308.1552734
-193.4022217,302.8214111
-207.7536621,300.5703125
-221.9855652,303.1346436
-233.7021179,311.5883179
-241.9002075,323.5819092
-246.1950684,337.4268188
-245.3000488,351.8766479
-240.4562683,365.6046753
-234.6758728,378.9752808
-228.5053711,392.1699219
-223.4600525,405.762146
-224.3982239,420.1795654
-232.2235718,432.0307617
-244.5053711,427.1671143
-241.4709167,413.1799316
-235.2812805,399.9998779
-245.1201477,392.6575317
-258.2861328,386.4259644
-269.9474487,384.1511841
-275.5605164,397.5925903
-281.0022583,411.1021729
-282.360199,425.4735107
-277.217926,438.9702148
-265.2801208,446.8632813
-252.1029663,453.0718994
-250.9153748,463.5318604
-262.1534729,463.8946533
-275.124054,457.2698975
-287.7824402,450.065918
-300.2317505,442.50354
-312.5302124,434.6965332
-324.7204285,426.7219238
-324.8597412,414.874939
-313.2806396,419.1501465
-303.570282,415.7023315
-295.9559021,403.2848511
-288.3404236,390.8656006
-280.7251892,378.4467773
-273.1105042,366.0288696
-265.4962769,353.6116943
-257.8823547,341.1949463
-250.2677002,328.7770386
-242.6530457,316.3591309
-235.0376587,303.9400635
-227.4221802,291.520874
-231.9527893,281.2982178
-243.4326477,272.335083
-254.9126282,263.3718872
-266.4001465,254.402771
-277.7374573,247.5040283
-287.957489,257.8796997
-298.1773987,268.255188
-308.3985596,278.632019
-318.6258545,289.0150146
-328.8469238,299.3917236
-339.0713501,309.7717896
-349.2891846,320.1452026
-359.5111847,330.5228882
-369.733551,340.9008789
-379.9559631,351.2789307
-386.2997894,361.5232544
-375.4000092,371.1861572
-364.5009308,380.8484497
-354.1879272,378.3860474
-344.2553101,367.9654541
-332.8719788,377.0535278
-322.9527283,377.555481
-315.2203674,365.2113037
-318.7744141,354.7994385
-322.3656616,345.1481323
-312.4368286,334.4884033
-302.5102844,323.8309937
-292.5824585,313.1723022
-282.6524048,302.5111694
-272.7251587,291.8531494
-271.3186951,295.0110474
-279.0377197,307.3636475
-286.7561951,319.7153931
-294.4755249,332.0685425
-302.1956177,344.4228516
-309.9143066,356.7749634
-317.6334229,369.1277466
-325.352478,381.4804077
-333.0715942,393.833252
-333.9247742,404.9205933
-325.8813171,414.4252319
-335.6565247,418.8214722
-347.0107727,409.6962891
-358.2408142,400.4176636
-369.4133301,391.0718994
-380.4202881,381.5328979
-391.2489014,371.7897949
-401.8824005,361.8328247
-412.2981415,351.6555176
-422.4792786,341.2427979
-432.4049988,330.5796509
-442.0439453,319.6589355
-451.3673706,308.4681396
-460.3434906,296.9976807
-468.8873138,285.2017212
-476.903389,273.0409546
-484.4790726,260.6010742
-491.6692276,247.9316406
-498.5587082,235.1026611
-498.8733063,221.7481079
-485.0513763,219.7915649
-470.4769287,219.77948
-455.9068909,219.767395
-441.3359222,219.755249
-435.0740051,211.4747314
-435.1162567,196.9100342
-435.1585236,182.3413086
-435.2007904,167.774292
-435.2430573,153.2062988
-435.2853241,138.6401978
-435.3275909,124.071228
-438.8746796,113.0045166
-434.5893555,102.8000488
-420.0234375,102.8000488
-405.4531555,102.8000488
-390.887085,102.8000488
-376.3288574,102.8000488
-361.7610168,102.8000488
-347.1950378,102.8000488
-332.6283264,102.8000488
-318.0648193,102.8000488
-303.4961548,102.8000488
-301.6499939,115.5213013
-305.6999817,126.0349731
-305.6999817,140.6022339
-305.6999817,155.1749878
-305.6999817,169.7418823
-305.6999817,184.3002319
-305.6999817,198.8687134
-305.6999817,213.432373
-305.6999817,228.0050659
-305.6999817,242.5695801
-305.6999817,257.1364136
-312.0003052,265.4000244
-326.5654907,265.4000244
-341.1312256,265.4000244
-355.6998138,265.4000244
-370.2671967,265.4000244
-384.8392181,265.4000244
-399.4046936,265.4000244
-413.9746399,265.4000244
-428.545929,265.4000244
-434.9746246,257.2409058
-435.0186157,242.6711426
-435.0625916,228.1047974
-435.1065826,213.5362549
-435.1505585,198.9699097
-435.1945343,184.4055176
-435.2384949,169.8406372
-435.2824707,155.2751465
-435.3264313,140.7156372
-435.3704224,126.1468506
-430.6270752,116.3500366
-416.0629272,116.3500366
-401.4959717,116.3500366
-386.9267578,116.3500366
-372.364563,116.3500366
-357.800354,116.3500366
-343.232605,116.3500366
-328.6729736,116.3500366
-314.1083374,116.3500366
-305.7000122,122.5072632
-305.7000122,137.069519
-305.7000122,151.6379395
-305.7000122,166.2016602
-305.7000122,180.7693481
-305.7000122,195.3389893
-305.7000122,209.906189
-301.4754028,220.250061
-286.9101563,220.250061
-272.3396912,220.250061
-260.2313538,217.5811157
-254.8282166,204.2608643
-243.4694824,195.2583008
-230.2155457,189.263855
-216.3107605,184.9519043
-205.1021423,178.597168
-199.3720093,165.2052002
-193.6418457,151.8131714
-189.0613708,138.1141357
-187.31073,123.6532593
-185.5046387,109.1993408
-183.6356201,94.753479
-181.684021,80.31854248
-179.6078186,65.90093994
-177.2943726,51.52032471
-173.6384583,37.50415039
-162.5865784,28.13226318
-149.9985352,20.8112793
-136.973053,14.29486084
-123.9266357,7.817504883
-110.8797302,1.339904785
-110.2234192,-3.49206543
-123.9336853,-8.361572266
-136.730896,-15.29199219
-148.5072327,-23.84960938
-159.1356812,-33.79504395
-167.5787354,-45.6104126
-172.9459534,-59.12255859
-175.7781372,-73.39685059
-176.4935913,-87.92919922
-174.4730835,-102.3357849
-169.9851074,-116.1777344
-163.4907837,-129.2034607
-158.5599976,-140.9356689
-170.1369629,-149.7317505
-183.4623108,-155.4877625
-197.8116455,-157.8503723
-212.3560791,-157.5115051
-226.6633911,-154.8513489
-229.8014221,-156.9615784
-216.7402344,-163.308136
-202.5412598,-166.4394226
-188.0067444,-166.7078857
-174.1113892,-162.4908142
-161.1962585,-155.7703857
-149.1138,-148.3399353
-138.8727722,-158.6987
-139.5271301,-171.7950134
-144.7189331,-185.4005127
-151.3575439,-198.3549194
-160.2157288,-209.8704834
-171.1605835,-219.4633789
-183.2787781,-227.527832
-196.3211365,-233.9935303
-210.0328979,-238.8808594
-218.3096008,-243.4206848
-203.8415222,-242.522583
-189.8623657,-238.4699707
-176.5006409,-232.6903992
-163.782074,-225.6062927
-152.354248,-216.6101685
-142.5213623,-205.8800659
-135.5678406,-198.8719177
-131.4820862,-212.8529358
-126.6263733,-226.575592
-120.1066895,-239.556366
-113.2101135,-244.0089111
-119.5902405,-230.919342
-124.8606567,-217.3689575
-127.3218689,-203.0278931
-127.5896912,-188.4801331
-125.278595,-174.1201477
-115.2576294,-173.1808472
-108.1917419,-169.466217
-103.6719971,-155.8333435
-102.1412354,-167.4854126
-97.33181763,-180.9686584
-86.76544189,-188.5924377
-88.9208374,-202.9978027
-91.07626343,-217.4032288
-93.62615967,-231.7336426
-97.4397583,-245.7935181
-102.1618958,-259.5706787
-108.1155396,-272.8554993
-115.4078674,-285.4667358
-123.4026794,-297.6380005
-132.2791138,-309.1805115
-142.3727722,-319.6666565
-154.3779602,-327.8173828
-168.0239563,-332.8889465
-179.2405396,-337.6852112
-164.9067688,-339.1624756
-150.4710693,-337.3151245
-137.1853333,-331.5172729
-126.4871521,-321.7171631
-117.118042,-310.5744324
-108.6412659,-298.7349548
-101.3351746,-286.1408691
-95.35952759,-272.8609924
-89.65045166,-259.4616394
-84.59869385,-245.804657
-80.08007813,-231.9554749
-75.79193115,-218.0340271
-69.57568359,-227.4868469
-60.35040283,-238.7062073
-48.39904785,-246.9899597
-36.04644775,-252.2276001
-45.65466309,-241.2794495
-54.65496826,-229.8315735
-62.77459717,-217.7453918
-69.30249023,-204.7400513
-71.92248535,-190.551239
-60.41314697,-184.5079651
-61.58258057,-190.7270813
-47.13470459,-192.1828613
-32.64385986,-193.6182861
-31.28619385,-205.5090637
-31.97064209,-220.0516968
-31.26580811,-234.600708
-29.77404785,-249.0841064
-27.0881958,-263.3948059
-23.29449463,-277.4572144
-18.87817383,-291.3358765
-13.4050293,-304.8280029
-5.904663086,-317.2920532
3.444763184,-328.4424438
14.70220947,-337.636322
27.7053833,-344.1798401
24.45184326,-338.4729614
14.49865723,-327.8387451
5.120483398,-316.6972046
-2.632324219,-304.4027405
-7.993591309,-290.8702087
-11.97930908,-276.8622742
-14.99859619,-262.6139832
-17.16149902,-248.2107544
-18.24969482,-233.6898499
-18.60827637,-219.1286926
-18.67523193,-204.5610657
-14.19775391,-194.22229
0.348022461,-193.4556885
14.87249756,-192.3537292
29.30596924,-190.4253845
26.0847168,-186.7001648
13.41729736,-180.2989197
20.3861084,-179.7771301
34.55969238,-179.1377563
37.12481689,-191.321167
35.8828125,-205.8340454
34.33361816,-220.3175354
32.27685547,-234.7365417
29.14294434,-248.9569092
25.22729492,-262.9867249
20.87060547,-276.8874512
16.27185059,-288.7742615
25.9442749,-278.0713501
31.86260986,-264.7720947
36.23236084,-250.888916
39.12805176,-236.6156311
41.86968994,-222.3088379
47.30267334,-228.5018616
53.86865234,-241.5041504
60.71899414,-254.3594971
68.03125,-266.9559937
76.57000732,-278.7256165
86.35870361,-289.5114136
96.42889404,-300.0281372
107.8565674,-309.0323486
120.5631714,-316.1208496
134.7238159,-319.0699158
149.1479492,-318.1060486
144.7843018,-312.9892578
130.7883301,-308.9957581
117.9478149,-302.1846313
106.3901367,-293.3323975
95.81671143,-283.3190002
86.16381836,-272.4152527
77.24645996,-260.9033813
70.10479736,-248.2253113
64.09991455,-234.9569397
58.65612793,-221.4461365
53.40441895,-207.8597412
48.26312256,-194.2298279
41.17919922,-181.6348877
47.02026367,-170.2022705
54.28436279,-157.8805237
53.54675293,-143.7644348
60.68103027,-152.4867249
60.25933838,-166.8877869
54.3503418,-180.1218872
55.01000977,-182.7709351
68.28686523,-176.7669678
79.7822876,-173.5231323
79.46630859,-188.08255
77.04180908,-202.4009705
72.9710083,-216.3875427
81.35632324,-205.6723938
84.59259033,-191.5083313
89.79022217,-184.8983459
100.7461548,-194.4862976
112.8555298,-202.5588684
126.0734253,-208.6292725
139.8191528,-213.4245911
154.2228394,-215.1560974
168.770874,-214.3937683
183.2677612,-212.9473877
188.9916382,-209.7455444
174.4244385,-209.4518127
159.8933716,-208.4854126
145.6796265,-205.5056763
132.2964478,-199.7724609
119.671814,-192.524231
107.8213501,-184.0644226
97.20068359,-174.1072083
92.42114258,-163.5720825
103.317627,-153.8934326
114.1837769,-144.2417297
124.5253906,-152.4751587
136.7530518,-160.3713074
150.4494019,-165.1834106
164.9117432,-166.7617493
179.4559937,-166.21875
192.8322144,-161.3719482
178.960083,-162.6601257
164.4335938,-161.8881531
150.4277344,-158.0406799
137.838562,-150.7550964
126.5975342,-141.5748291
125.7452393,-129.5955811
132.4815063,-116.7007141
136.8275757,-102.8261719
137.7573242,-88.32861328
136.5891113,-73.81665039
133.5366211,-59.58935547
127.9156494,-46.17810059
119.7650146,-34.12945557
109.7652588,-23.55859375
98.27270508,-14.57275391
85.68817139,-7.263305664
72.31646729,-1.522399902
58.42633057,2.815246582
44.31628418,6.440185547
30.08636475,9.526489258
26.10241699,-0.62298584
28.60906982,-14.5914917
36.30950928,-26.94940186
44,-39.31628418
46.92523193,-49.68609619
32.36431885,-49.36938477
31.18347168,-60.79663086
44.12213135,-66.70880127
54.12579346,-77.03216553
58.71014404,-90.78268433
58.60235596,-105.2708435
54.02606201,-119.0527039
44.93078613,-130.2132568
31.2878418,-134.4883728
17.50842285,-130.4030762
8.360290527,-119.2409058
3.699890137,-105.5128784
3.751342773,-91.04693604
8.781188965,-77.41796875
17.88964844,-66.24243164
29.79174805,-59.14483643
24.74389648,-49.27612305
10.17572021,-49.20135498
-4.387817383,-49.12652588
-18.9597168,-49.05169678
-33.52520752,-48.97692871
-48.09869385,-48.90209961
-62.66485596,-48.82727051
-77.22119141,-48.75250244
-73.35968018,-61.89123535
-59.6060791,-66.53320313
-49.9095459,-77.1015625
-44.72094727,-90.67645264
-42.11236572,-104.9887695
-42.73297119,-119.51828
-45.84552002,-133.7200623
-51.85449219,-146.9620361
-61.89343262,-157.3139343
-75.60479736,-161.6553955
-89.33154297,-157.5650024
-99.1932373,-146.9989014
-104.8583679,-133.6460876
-107.8324585,-119.4056702
-108.2722473,-104.8497314
-106.18573,-90.46194458
-100.3670959,-77.17004395
-90.8664856,-66.20935059
-79.12213135,-58.75231934
-82.08135986,-48.73480225
-89.69873047,-44.9296875
-81.68792725,-32.76495361
-73.54620361,-20.68902588
-65.1081543,-8.813964844
-52.72167969,-3.705688477
-38.18438721,-4.167358398
-23.64227295,-4.902099609
-9.118103027,-5.758544922
5.418823242,-6.693725586
19.95257568,-7.688720703
26.57818604,-0.03918457
22.39221191,10.56951904
7.869445801,11.76037598
-6.672790527,12.5010376
-21.23443604,12.75689697
-35.79980469,12.42230225
-50.31030273,11.17230225
-64.68157959,8.819641113
-78.89117432,5.604736328
-92.93405151,1.657104492
-106.5929871,-0.66998291
-117.8302917,7.606201172
-124.2744141,20.65655518
-130.7232056,33.71636963
-132.0385132,47.99304199
-132.148407,62.56225586
-132.2582397,77.12609863
-132.368103,91.69384766
-132.4779053,106.2512817
-132.5878296,120.8217773
-132.6976624,135.387207
-132.8073425,149.9273682
-132.9172363,164.4969482
-133.0271301,179.0652466
-133.1369934,193.6315308
-137.5412598,207.4269409
-143.5671387,219.59375
-154.4107666,216.5360718
-156.40448,202.3016357
-165.9925537,191.6850586
-179.4068909,186.0617676
-193.7119751,183.493042
-208.2266541,183.8850708
-222.5140991,186.6871338
-236.2851563,191.3887329
-249.0318604,198.3869019
-258.4620667,209.2613525
-260.138855,223.4823608
-250.96521,234.6925659
-239.6933289,243.8903809
-226.2389221,249.414978
-212.059082,252.6715088
-197.5893555,252.4350586
-185.0142212,245.3904419
-175.8410034,234.1395264
-170.7168579,220.5383301
-156.8009338,219.7700195
-142.2309875,219.8446655
-127.6674805,219.9192505
-113.1077271,219.9937744
-98.54208374,220.0683594
-83.97521973,220.1429443
-69.39996338,220.2175903
-54.83605957,220.2921753
-40.27026367,220.3667603
-33.87078857,212.3017578
-33.9989624,197.7383423
-34.1270752,183.1750488
-34.0413208,168.6454468
-31.85980225,155.3651123
-41.36584473,144.3331909
-50.87243652,133.3005981
-60.38110352,122.265564
-69.89056396,111.2296143
-79.40093994,100.192627
-88.90905762,89.1583252
-98.41531372,78.12609863
-107.9206238,67.0949707
-117.4299622,56.0592041
-116.4489441,46.52783203
-105.3733215,38.88433838
-119.8597107,37.3637085
-130.8101807,33.89361572
-124.3614807,20.83392334
-117.9125977,7.773925781
-106.8174438,-0.646240234
-99.302948,10.60284424
-92.25424194,23.35455322
-85.20507813,36.10705566
-78.16033936,48.8515625
-71.11450195,61.59814453
-64.06536865,74.35058594
-57.01782227,87.10021973
-49.97192383,99.84692383
-42.92919922,112.5877686
-35.88372803,125.3336182
-28.83581543,138.0839233
-21.77416992,141.5783081
-14.68121338,128.8504028
-7.590454102,116.1263428
-0.497070313,103.397644
6.593688965,90.67358398
13.68334961,77.95147705
20.77307129,65.22937012
27.86230469,52.50805664
34.95880127,39.77374268
42.04852295,27.05163574
49.13555908,14.33428955
57.46630859,3.143432617
67.13305664,9.612915039
74.30554199,22.29290771
81.47613525,34.96948242
69.23999023,38.11743164
54.82397461,40.19476318
64.55407715,47.31988525
69.05493164,56.15106201
59.40942383,67.0725708
49.76800537,77.98944092
40.12530518,88.90777588
30.4800415,99.82897949
20.8381958,110.7463379
11.1942749,121.6660767
1.554077148,132.581543
-8.088867188,143.5001221
-17.7331543,154.4202271
-27.3762207,165.3389893
-29.39923096,179.0808716
-29.20501709,193.6430054
-29.01086426,208.2061768
-26.38110352,220.2998657
-11.81689453,220.2998657
2.75,220.2998657
17.31591797,220.2998657
31.88208008,220.2998657
46.44873047,220.2998657
61.01879883,220.2998657
75.58276367,220.2998657
90.14990234,220.2998657
104.7172852,220.2998657
105.5150146,220.2998657
90.94500732,220.2998657
86.58337402,207.1637573
82.96661377,193.0532227
82.81152344,178.4845581
82.7713623,163.8918457
82.73126221,149.3242798
82.69110107,134.7508545
82.65100098,120.1810913
82.61090088,105.6207275
82.57080078,91.05352783
82.53070068,76.48388672
82.49060059,61.91796875
82.45050049,47.35559082
82.41040039,32.78912354
82.37030029,18.22351074
76.05084229,7.223815918
66.93261719,1.786376953
79.33337402,9.427001953
91.72851563,17.06420898
104.128479,24.70440674
116.5317383,32.34661865
126.4425049,41.6206665
128.4874878,56.04528809
130.5323486,70.46942139
132.5769653,84.89123535
134.6220093,99.31634521
136.6663208,113.736145
138.7102051,128.1530151
140.755127,142.5776367
146.3440552,156.0178223
152.1022949,169.4009399
155.5386963,181.3783569
141.1764526,183.7544556
127.3422241,188.2346191
116.3979492,197.5584717
111.9326172,211.1616821
117.3184204,220.2498779
128.7019043,224.1897583
134.6812744,237.3973389
145.2929077,247.2825928
158.6156616,252.7596436
173.0935669,251.4970703
187.1057129,247.6331177
199.7263184,240.4429932
210.3065186,230.4815063
218.4299316,218.4631958
213.0924072,205.3186646
201.9962158,196.0162964
189.2250977,189.0423584
175.4462891,184.3413086
161.1777344,181.4933472
167.6070557,182.4321289
181.678833,186.0921021
195.010498,191.9282837
207.3427734,199.6456909
216.6715088,210.6744385
223.421814,219.5623169
237.9932861,219.5961304
252.56427,219.6299438
261.1503906,213.6705933
261.1503906,199.1115112
261.1503906,184.5508423
261.1503906,169.9961548
261.1503906,155.4337158
261.1503906,140.866272
261.1503906,126.2967529
257.0003662,115.8815308
258.4840698,102.7998657
273.0522461,102.7998657
287.6189575,102.7998657
302.1859131,102.7998657
316.7524414,102.7998657
331.3217773,102.7998657
345.888916,102.7998657
360.4555664,102.7998657
375.043457,102.7998657
389.6013794,102.7998657
395.4003906,111.5645752
385.6182861,116.3498535
371.0518799,116.3498535
356.487915,116.3498535
341.9199219,116.3498535
327.3508301,116.3498535
312.7825928,116.3498535
298.2254028,116.3498535
283.6755981,116.3498535
269.1100464,116.3498535
261.1503906,122.9562988
261.1503906,137.5369263
261.1503906,152.09729
261.1503906,166.661377
261.1503906,181.229126
261.1503906,195.8000488
261.1503906,210.373291
261.1503906,224.9411621
261.1503906,239.505127
261.1503906,254.067627
264.6889648,265.1080322
279.2484741,265.1417236
293.8173218,265.175415
308.3768311,265.2091064
322.9490356,265.2427979
337.510376,265.2764893
352.0822144,265.3101807
366.6398926,265.3438721
381.204834,265.3775024
390.8504028,260.4821167
390.8504028,245.9127808
390.8504028,231.3478394
390.8504028,216.7722168
390.8504028,202.1930542
390.8504028,187.6245728
390.8504028,173.0647583
390.8504028,158.503479
390.8504028,143.9351807
390.8504028,129.3656006
390.8504028,117.8953857
390.8504028,132.4595337
390.8504028,147.0244141
390.8504028,161.5922852
390.8504028,176.1600952
390.8504028,190.7319946
390.8504028,205.3026733
390.8504028,219.869873
405.0379639,220.2498779
419.602356,220.2498779
434.1672363,220.2498779